19.20
19.66
24.00
24.46
25.66
28.06
28.80
30.46
30.76
32.86
33.60
34.06
34.66
35.26
38.40
38.70
39.02
39.50
39.90
40.20
40.52
41.10
41.42
42.00
42.30
42.62
42.92
43.50
43.80
44.12
44.42
44.86
45.30
45.62
45.92
46.50
46.96
48.00
48.30
48.62
49.20
49.52
49.96
50.40
50.70
51.02
51.60
51.92
52.34
52.66
53.10
53.42
53.86
54.30
54.62
55.06
55.50
55.80
56.12
56.86
57.60
58.06
58.50
58.80
59.12
59.56
60.00
60.30
60.62
61.20
61.52
61.94
62.26
62.70
63.02
63.60
63.92
64.50
64.82
65.40
65.72
66.46
67.20
67.52
67.82
68.40
68.72
69.16
69.46
69.90
70.22
70.80
71.10
71.42
71.76
72.30
72.60
72.92
73.50
73.82
74.26
74.70
75.02
75.32
76.06
79.20
79.66
80.00
80.38
80.72
81.12
81.60
82.04
82.52
82.84
83.24
83.60
83.92
84.60
85.02
85.34
85.66
85.96
86.42
87.02
87.40
87.76
88.50
88.94
89.40
89.82
90.32
90.74
91.20
91.62
91.94
92.26
92.62
92.98
93.30
93.60
94.04
94.52
94.86
95.24
95.68
96.02
96.32
96.70
97.06
98.40
98.72
99.06
99.60
100.20
100.56
101.12
101.70
102.02
102.32
102.66
102.96
103.32
103.80
104.10
104.46
105.00
105.36
106.20
106.52
107.06
107.48
107.96
108.32
108.90
109.22
109.82
110.24
110.72
111.14
111.60
111.92
112.34
112.66
113.10
113.42
114.00
114.60
114.96
115.34
115.80
116.10
117.16
117.60
117.92
118.74
119.10
119.42
119.82
120.14
120.46
120.92
121.32
121.82
122.20
122.54
123.40
123.90
124.62
124.94
125.24
127.20
127.64
128.12
128.52
128.84
129.42
129.74
130.06
130.62
130.96
131.40
131.76
132.14
132.46
133.00
133.32
133.64
134.22
134.54
134.86
